function ind = indice2()
n = 1;
ind{n} = [1 4 1; 1 1 4]; n = n+1;
ind{n} = [1 4 4 1; 1 1 4 4]; n = n+1;                    % pentagon
ind{n} = [2 4 1; 1 2 3]; n = n+1;
ind{n} = [3 5 3 1; 1 3 5 3]; n = n+1;
ind{n} = [4 5 7 5 4 3 1 3; 1 3 4 5 7 5 4 3]; n = n+1;
ind{n} = [2 3 4 5 6 5 5 6 5 4 3 2 1 2 2 1; 1 2 2 1 2 3 4 5 6 5 5 6 5 4 3 2]; %n = n+1;


end