function ind = indices()
n = 1;
ind{n} = [2 3 4 5 6 5 5 6 5 4 3 2 1 2 2 1; 1 2 2 1 2 3 4 5 6 5 5 6 5 4 3 2]; n = n+1;
ind{n} = [3 5 3 1 1; 1 3 5 4 2]; n = n+1;                    % pentagon
ind{n} = [2 4 5 4 2 1 1; 1 2 3 4 5 4 2]; n = n+1;              % heptagon
ind{n} = [2 3 4 4 3 2 1 1; 1 1 2 3 4 4 3 2]; n = n+1;        % octogon
ind{n} = [2 3 4 5 5 4 2 1 1; 1 3 1 2 4 5 5 4 2]; n = n+1;
ind{n} = [ 2 4 5 4 2 1; 1 1 3 5 5 3]; n = n+1;
ind{n} = [4 5 7 5 4 3 1 3; 1 3 4 5 7 5 4 3]; n = n+1;
ind{n} = [3 5 3 1; 1 3 5 3]; n = n+1;
ind{n} = [3 5 3 3 1; 1 3 3 5 3]; n = n+1;
ind{n} = [2 3 4 4 3 3 2 2 1 1; 1 1 2 3 4 2 2 4 3 2]; n = n+1;
ind{n} = [3 5 5 3 1 1; 1 2 4 5 4 2]; n = n+1;
ind{n} = [2 3 4 5 4 5 4 3 2 1 2 1; 1 2 1 2 3 4 5 4 5 4 3 2]; n = n+1; % X-form for test
ind{n} = [2 2 3 4 4 5 4 5 4 4 2 2 1 2 1; 1 2 3 2 1 2 3 4 5 4 4 5 4 3 2]; n = n+1; % X-form for test2

ind{n} = [1 2 3 4 5 5 4 5 5 4 3 2 1 1 2 1; 1 1 2 1 1 2 3 4 5 5 4 5 5 4 3 2]; n = n+1;
ind{n} = [1 3 5 4 5 3 1 2; 1 2 1 3 5 4 5 3]; n = n+1;
ind{n} = [1 3 4 4 5 4 4 3 1 2; 1 2 1 2 3 4 5 4 5 3]; n = n+1; % stars
ind{n} = [1 2 3 3 2 1; 1 1 2 3 3 2];                          % hexagon

end